1,20,76
2,15,126
3,18,392
4,16,368
5,4,17
6,13,380
7,5,170
8,12,6
9,2,310
10,18,16
11,7,148
12,9,247
13,15,304
14,18,506
15,11,431
16,17,23
17,12,147
18,4,316
19,1,47
20,11,273
21,15,13
22,17,429
23,8,442
24,12,447
25,7,279
26,11,340
27,11,12
28,12,49
29,16,277
30,14,5
31,10,150
32,18,278
33,12,106
34,6,120
35,5,349
36,7,204
37,15,315
38,7,254
39,9,127
40,7,40
41,15,25
42,3,60
43,16,426
44,4,78
45,12,182
46,15,233
47,14,394
48,8,99
49,5,186
50,6,137
51,2,204
52,10,174
53,8,130
54,11,48
55,16,145
56,5,220
57,13,267
58,3,508
59,1,374
60,3,162
61,7,422
62,20,449
63,13,67
64,19,133
65,14,312
66,3,396
67,11,20
68,3,211
69,14,428
70,18,268
71,8,375
72,10,19
73,10,270
74,6,459
75,1,109
76,19,243
77,14,89
78,18,298
79,12,77
80,19,428
81,15,78
82,5,121
83,6,213
84,6,50
85,2,266
86,16,320
87,15,70
88,6,276
89,17,215
90,5,463
91,7,79
92,18,236
93,4,192
94,5,146
95,14,486
96,16,375
97,8,237
98,2,298
99,17,374
100,19,509
101,11,75
102,12,362
103,11,253
104,5,137
105,2,77
106,8,387
107,8,132
108,1,177
109,13,148
110,4,71
111,17,296
112,18,277
113,6,328
114,7,95
115,1,354
116,10,162
117,10,379
118,19,361
119,20,183
120,19,432
121,5,419
122,10,155
123,20,254
124,5,396
125,6,73
126,19,324
127,15,123
128,9,189
129,16,377
130,7,195
131,10,475
132,19,354
133,5,297
134,20,223
135,8,420
136,12,347
137,18,204
138,7,351
139,7,43
140,12,429
141,13,425
142,11,430
143,17,335
144,1,386
145,10,274
146,19,477
147,7,75
148,2,386
149,10,185
150,8,239
151,9,454
152,8,470
153,6,100
154,12,384
155,16,248
156,20,15
157,4,287
158,12,275
159,14,39
160,2,129
161,12,152
162,6,9
163,18,296
164,19,26
165,12,482
166,11,60
167,16,382
168,3,157
169,8,251
170,17,108
171,12,460
172,3,363
173,19,163
174,9,352
175,12,230
176,4,106
177,3,483
178,10,97
179,1,97
180,14,376
181,8,85
182,19,20
183,9,227
184,10,245
185,9,466
186,1,16
187,15,419
188,19,336
189,8,348
190,15,400
191,5,107
192,16,93
193,2,109
194,11,422
195,20,77
196,11,290
197,13,137
198,3,487
199,12,224
200,11,87
201,16,504
202,1,292
203,13,32
204,11,79
205,13,224
206,17,280
207,18,115
208,4,298
209,6,141
210,6,289
211,13,49
212,2,368
213,15,186
214,17,485
215,17,286
216,3,444
217,13,220
218,8,482
219,2,437
220,2,62
221,13,292
222,19,268
223,19,202
224,13,486
225,1,148
226,6,121
227,7,323
228,3,446
229,6,266
230,5,487
231,15,440
232,3,187
233,12,323
234,10,68
235,13,206
236,6,416
237,13,22
238,15,507
239,8,198
240,16,217
241,5,220
242,12,401
243,5,321
244,11,61
245,15,464
246,20,389
247,19,438
248,5,394
249,13,421
250,17,178
251,15,269
252,6,281
253,20,482
254,18,391
255,16,1
256,15,456
257,17,444
258,12,334
259,4,396
260,20,89
261,20,274
262,18,109
263,1,344
264,14,212
265,5,251
266,2,46
267,16,393
268,14,11
269,2,219
270,15,188
271,8,367
272,7,151
273,2,104
274,9,100
275,12,463
276,3,189
277,8,37
278,18,500
279,20,293
280,15,100
281,7,243
282,4,251
283,19,280
284,9,316
285,7,22
286,4,21
287,12,430
288,9,333
289,14,443
290,16,280
291,4,305
292,8,492
293,20,121
294,12,222
295,6,200
296,14,441
297,12,143
298,1,188
299,2,428
300,9,166
301,7,426
302,5,75
303,12,425
304,15,99
305,3,491
306,20,255
307,17,270
308,20,123
309,2,145
310,9,96
311,9,177
312,1,355
313,14,43
314,17,271
315,3,428
316,17,343
317,19,409
318,7,204
319,20,130
320,11,123
321,13,38
322,17,433
323,16,62
324,5,477
325,9,34
326,17,352
327,18,398
328,14,67
329,19,501
330,17,415
331,19,95
332,1,111
333,10,105
334,13,253
335,19,455
336,3,106
337,6,282
338,12,379
339,2,485
340,17,208
341,17,93
342,19,233
343,4,121
344,3,424
345,6,452
346,16,179
347,6,101
348,13,56
349,5,96
350,12,299
351,6,239
352,9,158
353,8,359
354,17,269
355,18,199
356,2,97
357,3,358
358,20,225
359,17,260
360,14,315
361,20,356
362,19,311
363,8,303
364,13,85
365,15,113
366,20,57
367,13,294
368,3,221
369,10,251
370,11,281
371,19,48
372,9,136
373,9,493
374,7,496
375,11,2
376,13,464
377,4,65
378,18,314
379,4,137
380,13,13
381,12,459
382,8,265
383,8,88
384,15,351
385,17,84
386,7,249
387,12,350
388,11,354
389,14,506
390,17,422
391,19,33
392,6,13
393,18,390
394,20,496
395,7,302
396,13,435
397,16,279
398,20,159
399,14,151
400,20,65
401,15,184
402,16,321
403,6,122
404,2,3
405,15,480
406,13,477
407,13,329
408,11,487
409,10,418
410,9,32
411,1,352
412,13,34
413,3,97
414,5,509
415,12,188
416,17,84
417,2,69
418,19,343
419,13,23
420,4,479
421,14,85
422,8,80
423,13,458
424,3,511
425,13,52
426,11,27
427,10,147
428,5,344
429,6,170
430,11,183
431,6,341
432,12,67
433,10,252
434,8,250
435,12,64
436,12,471
437,6,188
438,6,367
439,18,80
440,9,470
441,18,354
442,19,34
443,17,280
444,1,296
445,4,32
446,13,328
447,12,229
448,12,278
449,5,426
450,10,210
451,13,7
452,13,463
453,19,149
454,5,363
455,1,418
456,11,478
457,13,420
458,15,73
459,15,218
460,9,263
461,18,4
462,4,24
463,14,104
464,16,267
465,17,451
466,13,230
467,2,172
468,9,499
469,17,276
470,16,129
471,2,300
472,12,92
473,10,231
474,3,217
475,4,32
476,1,501
477,14,316
478,7,65
479,11,285
480,6,463
481,17,290
482,2,31
483,16,319
484,3,131
485,13,488
486,17,375
487,5,340
488,20,50
489,2,42
490,18,36
491,16,349
492,13,379
493,14,137
494,11,274
495,16,161
496,17,267
497,6,181
498,20,443
499,2,471
500,14,324
501,2,42
502,8,346
503,2,147
504,3,121
505,4,123
506,17,216
507,19,263
508,2,200
509,2,363
510,11,319
511,9,82
512,5,79
513,10,275
514,12,439
515,6,333
516,4,393
517,1,113
518,2,370
519,20,100
520,20,501
521,13,102
522,7,459
523,8,121
524,14,230
525,20,176
526,12,219
527,10,252
528,14,341
529,11,506
530,18,318
531,14,131
532,12,467
533,16,282
534,15,114
535,20,236
536,1,361
537,3,195
538,17,66
539,4,221
540,18,266
541,18,424
542,1,257
543,18,461
544,16,415
545,5,444
546,9,10
547,15,56
548,18,15
549,5,432
550,14,482
551,10,127
552,13,447
553,4,510
554,10,430
555,19,294
556,14,507
557,3,266
558,11,58
559,19,408
560,7,110
561,10,401
562,18,448
563,17,94
564,9,363
565,15,129
566,16,193
567,2,477
568,12,270
569,7,182
570,7,488
571,5,13
572,15,404
573,7,124
574,9,158
575,7,349
576,11,19
577,4,467
578,4,69
579,20,2
580,3,197
581,19,357
582,8,99
583,19,72
584,2,378
585,5,213
586,8,229
587,6,283
588,3,358
589,15,456
590,20,175
591,3,288
592,20,412
593,6,296
594,11,20
595,7,188
596,7,185
597,12,159
598,18,135
599,6,89
600,19,234
601,16,15
602,8,225
603,9,448
604,8,363
605,10,193
606,12,491
607,18,5
608,18,474
609,8,404
610,17,388
611,7,165
612,1,63
613,14,250
614,16,428
615,15,166
616,7,154
617,14,194
618,15,11
619,19,363
620,20,472
621,12,194
622,20,29
623,6,187
624,9,190
625,11,113
626,11,14
627,8,476
628,17,240
629,17,1
630,7,151
631,2,302
632,2,395
633,3,75
634,14,165
635,20,441
636,17,265
637,14,237
638,4,101
639,5,300
640,5,20
641,2,90
642,20,141
643,14,145
644,11,473
645,18,363
646,6,30
647,7,146
648,13,199
649,1,450
650,13,158
651,7,417
652,9,132
653,18,509
654,17,248
655,16,123
656,18,154
657,5,503
658,1,376
659,1,158
660,3,493
661,4,168
662,15,34
663,5,21
664,18,131
665,10,26
666,19,426
667,2,180
668,18,28
669,14,213
670,11,160
671,3,75
672,4,101
673,17,184
674,9,17
675,20,424
676,1,278
677,19,421
678,18,204
679,5,361
680,14,279
681,17,179
682,4,209
683,19,354
684,14,36
685,14,175
686,1,238
687,9,76
688,11,435
689,4,121
690,10,404
691,8,201
692,9,214
693,11,427
694,4,256
695,7,321
696,5,215
697,3,341
698,5,121
699,15,326
700,7,457
701,4,502
702,3,45
703,3,283
704,4,259
705,8,270
706,8,351
707,13,196
708,15,392
709,1,373
710,12,264
711,3,437
712,15,444
713,18,139
714,6,492
715,2,136
716,11,122
717,14,204
718,15,14
719,13,353
720,13,409
721,9,188
722,4,272
723,19,453
724,7,318
725,8,356
726,15,126
727,16,362
728,1,498
729,8,377
730,14,336
731,15,312
732,4,368
733,15,57
734,18,8
735,11,68
736,3,333
737,5,157
738,9,418
739,13,428
740,2,303
741,4,234
742,1,106
743,11,130
744,17,55
745,17,11
746,18,293
747,8,452
748,13,83
749,8,262
750,6,121
751,17,34
752,3,189
753,2,485
754,12,130
755,12,476
756,14,201
757,6,18
758,17,163
759,8,95
760,12,282
761,3,154
762,9,53
763,19,361
764,13,494
765,16,316
766,15,382
767,18,141
768,11,217
769,3,288
770,1,412
771,16,411
772,16,345
773,1,60
774,3,350
775,3,294
776,19,13
777,20,503
778,12,253
779,13,442
780,6,10
781,7,342
782,13,135
783,20,157
784,20,195
785,1,75
786,3,357
787,1,503
788,12,333
789,17,254
790,8,1
791,20,19
792,16,350
793,7,219
794,18,406
795,5,41
796,19,347
797,5,21
798,2,414
799,13,134
800,19,269
801,19,227
802,19,478
803,6,57
804,3,12
805,18,51
806,16,44
807,14,404
808,1,503
809,4,461
810,16,277
811,13,161
812,20,138
813,2,3
814,13,371
815,9,372
816,2,339
817,13,212
818,4,402
819,13,477
820,11,371
821,9,41
822,10,506
823,18,45
824,4,12
825,8,99
826,2,354
827,7,30
828,9,341
829,7,414
830,12,283
831,6,187
832,15,298
833,19,345
834,10,391
835,16,282
836,1,481
837,17,269
838,14,130
839,12,297
840,7,405
841,14,251
842,6,141
843,8,96
844,14,208
845,3,298
846,11,137
847,10,329
848,12,366
849,10,197
850,11,312
851,4,241
852,2,479
853,6,106
854,18,397
855,20,20
856,16,420
857,10,469
858,7,160
859,8,409
860,2,443
861,19,309
862,19,193
863,18,98
864,7,229
865,20,49
866,20,377
867,17,449
868,16,105
869,1,486
870,15,388
871,2,507
872,13,416
873,9,151
874,3,223
875,2,302
876,15,496
877,18,190
878,19,202
879,14,174
880,2,320
881,16,27
882,15,349
883,6,369
884,5,202
885,17,26
886,4,160
887,9,382
888,20,328
889,6,325
890,2,399
891,8,125
892,20,499
893,16,8
894,4,84
895,2,134
896,11,374
897,11,237
898,12,22
899,4,25
900,15,275
901,18,157
902,2,77
903,10,165
904,7,160
905,1,403
906,9,307
907,16,175
908,5,404
909,13,279
910,14,284
911,17,149
912,9,114
913,7,102
914,7,208
915,19,55
916,4,45
917,16,54
918,16,459
919,9,386
920,16,175
921,18,433
922,4,62
923,3,152
924,6,173
925,1,216
926,4,5
927,1,443
928,15,297
929,7,250
930,6,381
931,19,373
932,2,136
933,8,58
934,4,261
935,5,154
936,13,26
937,6,373
938,2,68
939,17,406
940,4,256
941,5,498
942,19,242
943,12,317
944,15,251
945,7,21
946,8,426
947,4,240
948,19,94
949,9,12
950,14,163
951,4,32
952,5,152
953,3,245
954,8,421
955,1,134
956,1,35
957,16,66
958,10,85
959,14,69
960,20,374
961,4,71
962,15,63
963,5,16
964,9,148
965,7,470
966,11,95
967,20,240
968,16,67
969,8,396
970,13,177
971,20,445
972,2,149
973,7,509
974,13,376
975,1,416
976,9,116
977,16,89
978,3,326
979,15,228
980,10,309
981,11,347
982,2,131
983,18,88
984,17,446
985,10,68
986,18,322
987,10,267
988,15,222
989,16,387
990,10,131
991,7,208
992,4,399
993,14,86
994,5,159
995,10,269
996,5,132
997,20,1
998,8,431
999,10,431
1000,6,55
1001,19,171
1002,10,475
1003,7,202
1004,8,468
1005,17,215
1006,18,314
1007,2,354
1008,12,493
1009,7,369
1010,8,188
1011,18,47
1012,13,429
1013,18,252
1014,13,469
1015,15,175
1016,14,72
1017,2,281
1018,6,307
1019,15,245
1020,5,245
1021,6,449
1022,20,374
1023,19,405
1024,1,369
1025,5,475
1026,17,73
1027,2,240
1028,4,10
1029,13,168
1030,16,365
1031,19,416
1032,5,167
1033,7,344
1034,5,323
1035,17,330
1036,11,477
1037,5,413
1038,5,85
1039,9,321
1040,19,57
1041,15,391
1042,16,475
1043,12,382
1044,9,8
1045,18,11
1046,1,483
1047,12,70
1048,19,444
1049,3,182
1050,4,205
1051,2,375
1052,16,469
1053,16,463
1054,4,295
1055,7,16
1056,10,382
1057,17,204
1058,4,141
1059,2,161
1060,12,160
1061,8,381
1062,13,66
1063,19,157
1064,4,266
1065,5,137
1066,6,93
1067,14,80
1068,13,121
1069,10,491
1070,19,281
1071,16,512
1072,14,200
1073,19,3
1074,10,164
1075,1,83
1076,1,112
1077,19,392
1078,8,281
1079,15,98
1080,8,371
1081,9,20
1082,4,446
1083,1,269
1084,3,126
1085,15,118
1086,14,141
1087,17,298
1088,3,135
1089,18,250
1090,1,284
1091,16,233
1092,15,361
1093,11,219
1094,9,147
1095,14,93
1096,3,343
1097,11,217
1098,13,242
1099,15,405
1100,4,402
1101,20,358
1102,14,315
1103,14,474
1104,5,244
1105,13,356
1106,14,324
1107,1,447
1108,8,26
1109,1,130
1110,1,469
1111,10,128
1112,1,395
1113,12,90
1114,6,415
1115,19,211
1116,1,74
1117,4,313
1118,18,3
1119,18,489
1120,12,99
1121,5,294
1122,4,320
1123,2,114
1124,7,406
1125,12,303
1126,7,139
1127,20,452
1128,2,47
1129,7,60
1130,7,502
1131,2,20
1132,7,318
1133,7,450
1134,15,380
1135,3,108
1136,12,470
1137,16,404
1138,3,144
1139,20,418
1140,4,235
1141,13,190
1142,20,435
1143,8,222
1144,2,88
1145,4,472
1146,15,21
1147,16,108
1148,16,44
1149,10,413
1150,17,58
1151,19,159
1152,5,257
1153,8,153
1154,13,404
1155,2,66
1156,7,325
1157,18,220
1158,19,164
1159,9,176
1160,1,406
1161,12,56
1162,10,227
1163,4,299
1164,10,63
1165,15,329
1166,15,468
1167,15,296
1168,3,152
1169,8,194
1170,16,254
1171,18,107
1172,8,406
1173,17,472
1174,5,335
1175,5,399
1176,15,88
1177,6,376
1178,9,359
1179,12,88
1180,11,115
1181,12,240
1182,5,413
1183,11,151
1184,10,508
1185,13,316
1186,16,71
1187,18,190
1188,11,231
1189,1,163
1190,9,181
1191,10,74
1192,12,33
1193,6,154
1194,16,406
1195,2,55
1196,5,261
1197,5,477
1198,13,28
1199,18,63
1200,2,326
1201,6,180
1202,10,30
1203,19,337
1204,20,64
1205,3,241
1206,16,155
1207,1,4
1208,5,164
1209,12,185
1210,2,413
1211,7,217
1212,2,271
1213,8,143
1214,20,61
1215,13,70
1216,8,168
1217,3,42
1218,13,460
1219,13,292
1220,20,290
1221,18,140
1222,5,377
1223,17,466
1224,4,172
1225,1,174
1226,4,165
1227,15,182
1228,20,303
1229,19,133
1230,12,313
1231,5,19
1232,10,37
1233,20,161
1234,2,152
1235,12,283
1236,1,422
1237,6,207
1238,5,416
1239,12,288
1240,2,486
1241,12,32
1242,13,20
1243,13,335
1244,18,81
1245,5,171
1246,1,61
1247,19,502
1248,5,171
1249,2,202
1250,17,30
1251,7,398
1252,12,304
1253,3,327
1254,16,155
1255,16,494
1256,11,136
1257,5,245
1258,6,64
1259,3,225
1260,11,400
1261,15,369
1262,18,199
1263,18,291
1264,5,383
1265,16,391
1266,9,165
1267,8,341
1268,9,187
1269,2,134
1270,17,461
1271,14,451
1272,12,455
1273,17,54
1274,14,417
1275,19,23
1276,9,47
1277,12,401
1278,8,190
1279,13,247
1280,7,267
1281,14,101
1282,6,114
1283,13,364
1284,4,453
1285,17,22
1286,8,322
1287,10,123
1288,15,51
1289,19,346
1290,2,387
1291,6,207
1292,15,177
1293,8,125
1294,10,324
1295,7,125
1296,1,507
1297,20,254
1298,17,265
1299,14,19
1300,10,205
1301,19,160
1302,18,449
1303,7,471
1304,10,229
1305,19,248
1306,17,293
1307,7,230
1308,5,6
1309,11,369
1310,5,323
1311,1,333
1312,9,451
1313,11,61
1314,10,376
1315,17,134
1316,9,113
1317,9,308
1318,11,278
1319,19,216
1320,3,135
1321,17,490
1322,16,90
1323,8,15
1324,7,468
1325,5,60
1326,17,182
1327,10,167
1328,17,366
1329,2,149
1330,16,141
1331,12,49
1332,18,37
1333,9,193
1334,14,404
1335,12,484
1336,15,321
1337,6,465
1338,10,168
1339,19,431
1340,20,219
1341,15,164
1342,4,420
1343,20,480
1344,19,470
1345,17,31
1346,19,18
1347,20,121
1348,10,386
1349,14,184
1350,12,467
1351,11,183
1352,7,110
1353,17,11
1354,16,468
1355,5,458
1356,10,115
1357,12,383
1358,5,478
1359,9,275
1360,5,43
1361,13,418
1362,5,508
1363,13,13
1364,19,302
1365,16,465
1366,4,421
1367,4,282
1368,9,313
1369,10,14
1370,18,246
1371,14,505
1372,12,33
1373,9,113
1374,6,114
1375,18,294
1376,1,477
1377,9,385
1378,15,146
1379,11,183
1380,14,101
1381,12,2
1382,7,332
1383,2,361
1384,11,273
1385,17,49
1386,18,256
1387,5,354
1388,6,72
1389,5,343
1390,15,474
1391,11,11
1392,5,216
1393,17,412
1394,8,154
1395,17,201
1396,16,19
1397,12,157
1398,16,480
1399,10,480
1400,8,243
1401,15,472
1402,3,443
1403,12,197
1404,12,247
1405,12,86
1406,17,484
1407,8,87
1408,11,287
1409,13,275
1410,1,111
1411,17,258
1412,3,140
1413,19,409
1414,16,505
1415,13,432
1416,7,144
1417,3,21
1418,3,72
1419,5,397
1420,14,458
1421,18,414
1422,20,83
1423,20,285
1424,1,193
1425,14,243
1426,13,289
1427,1,9
1428,13,226
1429,2,259
1430,10,396
1431,4,228
1432,2,83
1433,18,423
1434,11,22
1435,5,232
1436,8,494
1437,11,460
1438,7,320
1439,9,279
1440,9,290
1441,11,214
1442,1,132
1443,17,110
1444,20,206
1445,3,409
1446,19,3
1447,10,10
1448,8,306
1449,14,365
1450,14,333
1451,15,500
1452,10,308
1453,16,511
1454,6,42
1455,9,17
1456,2,168
1457,4,97
1458,8,316
1459,7,49
1460,14,52
1461,13,404
1462,18,403
1463,1,169
1464,4,366
1465,13,59
1466,20,445
1467,1,489
1468,12,330
1469,16,144
1470,11,203
1471,9,424
1472,4,442
1473,2,181
1474,4,456
1475,9,221
1476,18,328
1477,12,148
1478,8,200
1479,19,386
1480,20,278
1481,14,288
1482,6,318
1483,9,342
1484,18,5
1485,12,378
1486,19,158
1487,20,77
1488,2,26
1489,4,198
1490,17,383
1491,17,291
1492,19,70
1493,16,446
1494,13,333
1495,6,406
1496,19,378
1497,2,272
1498,16,145
1499,16,356
1500,5,455
1501,6,360
1502,12,42
1503,3,406
1504,6,415
1505,6,411
1506,16,141
1507,1,257
1508,19,453
1509,14,253
1510,4,238
1511,18,253
1512,1,103
1513,8,254
1514,1,436
1515,18,34
1516,3,259
1517,4,108
1518,2,249
1519,15,207
1520,15,320
1521,4,380
1522,17,484
1523,1,381
1524,13,165
1525,5,113
1526,13,463
1527,17,129
1528,9,69
1529,12,343
1530,10,185
1531,11,226
1532,17,470
1533,10,360
1534,20,342
1535,2,230
1536,13,385
1537,7,262
1538,15,50
1539,7,215
1540,12,154
1541,2,266
1542,5,231
1543,17,265
1544,1,14
1545,2,501
1546,6,14
1547,2,406
1548,15,190
1549,18,277
1550,7,186
1551,12,145
1552,8,307
1553,6,300
1554,6,194
1555,17,90
1556,18,74
1557,7,327
1558,20,429
1559,15,452
1560,4,33
1561,7,364
1562,18,322
1563,20,63
1564,10,358
1565,18,445
1566,11,511
1567,3,454
1568,4,405
1569,5,289
1570,3,358
1571,16,165
1572,2,13
1573,2,288
1574,13,512
1575,3,44
1576,18,231
1577,2,204
1578,6,328
1579,13,352
1580,16,145
1581,5,157
1582,18,64
1583,9,382
1584,1,202
1585,17,297
1586,6,77
1587,12,398
1588,20,64
1589,2,37
1590,16,332
1591,1,197
1592,3,92
1593,7,202
1594,12,305
1595,1,129
1596,6,32
1597,15,495
1598,15,381
1599,19,186
1600,19,428
1601,8,347
1602,2,223
1603,5,126
1604,4,53
1605,20,181
1606,6,487
1607,20,433
1608,7,366
1609,2,339
1610,11,91
1611,19,440
1612,13,40
1613,17,159
1614,16,499
1615,1,478
1616,14,501
1617,20,323
1618,20,139
1619,18,103
1620,18,195
1621,11,363
1622,7,424
1623,2,8
1624,10,49
1625,8,133
1626,1,293
1627,13,317
1628,11,48
1629,6,171
1630,9,308
1631,3,331
1632,10,454
1633,13,378
1634,19,147
1635,4,57
1636,17,351
1637,15,437
1638,18,185
1639,13,250
1640,4,502
1641,8,29
1642,10,273
1643,1,6
1644,13,381
1645,18,298
1646,15,496
1647,4,72
1648,11,390
1649,5,29
1650,12,465
1651,15,231
1652,3,230
1653,20,144
1654,8,418
1655,5,446
1656,1,56
1657,2,63
1658,3,365
1659,4,113
1660,20,386
1661,18,260
1662,2,388
1663,9,309
1664,13,286
1665,6,309
1666,10,374
1667,15,501
1668,3,238
1669,7,112
1670,12,396
1671,16,330
1672,5,349
1673,11,184
1674,8,358
1675,9,503
1676,6,352
1677,12,331
1678,17,53
1679,10,9
1680,20,395
1681,4,7
1682,14,447
1683,15,394
1684,17,183
1685,19,338
1686,11,454
1687,12,209
1688,5,93
1689,10,414
1690,8,164
1691,2,229
1692,5,393
1693,10,66
1694,20,305
1695,7,22
1696,12,455
1697,5,74
1698,11,432
1699,13,278
1700,6,189
1701,20,506
1702,13,377
1703,18,20
1704,3,56
1705,19,96
1706,19,347
1707,17,292
1708,16,119
1709,16,18
1710,4,326
1711,19,26
1712,17,26
1713,19,79
1714,18,184
1715,11,380
1716,12,474
1717,6,342
1718,12,156
1719,2,116
1720,20,78
1721,6,66
1722,7,205
1723,7,264
1724,10,383
1725,4,33
1726,13,333
1727,12,412
1728,4,181
1729,13,272
1730,18,349
1731,10,451
1732,20,262
1733,18,274
1734,19,292
1735,20,463
1736,20,139
1737,12,313
1738,17,344
1739,16,298
1740,9,191
1741,4,26
1742,14,348
1743,16,141
1744,3,172
1745,19,287
1746,4,476
1747,9,348
1748,18,180
1749,7,80
1750,8,363
1751,15,49
1752,20,113
1753,16,62
1754,3,235
1755,15,78
1756,11,293
1757,19,410
1758,16,420
1759,12,55
1760,3,83
1761,6,404
1762,8,450
1763,18,228
1764,2,192
1765,5,396
1766,19,204
1767,1,318
1768,14,506
1769,6,1
1770,17,259
1771,17,78
1772,18,400
1773,10,397
1774,6,18
1775,3,118
1776,4,486
1777,17,461
1778,17,389
1779,3,124
1780,16,7
1781,1,172
1782,9,392
1783,12,121
1784,7,340
1785,3,268
1786,18,283
1787,15,274
1788,9,12
1789,20,44
1790,13,422
1791,7,63
1792,3,407
1793,4,300
1794,19,269
1795,1,163
1796,16,131
1797,10,53
1798,6,209
1799,1,322
1800,4,122
1801,1,76
1802,7,153
1803,2,150
1804,12,35
1805,9,173
1806,8,135
1807,14,98
1808,10,497
1809,11,435
1810,7,65
1811,16,156
1812,11,281
1813,4,176
1814,9,33
1815,11,432
1816,11,418
1817,3,262
1818,16,306
1819,9,241
1820,14,338
1821,9,413
1822,8,463
1823,17,428
1824,19,403
1825,7,142
1826,5,137
1827,7,357
1828,3,490
1829,20,312
1830,18,192
1831,7,294
1832,17,391
1833,14,310
1834,19,203
1835,15,366
1836,17,142
1837,8,218
1838,4,17
1839,16,319
1840,4,332
1841,3,392
1842,4,75
1843,8,43
1844,1,84
1845,16,41
1846,6,134
1847,10,445
1848,7,146
1849,8,345
1850,15,468
1851,15,426
1852,20,488
1853,11,71
1854,1,407
1855,10,63
1856,19,392
1857,8,103
1858,20,351
1859,17,337
1860,6,375
1861,6,264
1862,13,220
1863,10,368
1864,19,467
1865,12,156
1866,10,281
1867,14,447
1868,11,330
1869,9,24
1870,15,354
1871,20,459
1872,14,31
1873,4,308
1874,7,390
1875,19,258
1876,8,106
1877,10,138
1878,2,241
1879,19,25
1880,3,222
1881,6,126
1882,8,18
1883,16,122
1884,6,336
1885,11,473
1886,5,471
1887,7,51
1888,19,375
1889,5,111
1890,18,461
1891,9,70
1892,13,244
1893,18,454
1894,14,45
1895,7,304
1896,5,378
1897,2,209
1898,10,169
1899,12,148
1900,13,309
1901,4,275
1902,11,53
1903,20,136
1904,16,10
1905,18,40
1906,20,505
1907,1,424
1908,15,501
1909,16,407
1910,4,472
1911,12,92
1912,15,48
1913,13,304
1914,20,384
1915,4,511
1916,4,228
1917,4,161
1918,18,440
1919,14,362
1920,15,310
1921,16,261
1922,2,224
1923,9,96
1924,4,86
1925,3,291
1926,9,260
1927,3,459
1928,12,179
1929,2,213
1930,9,422
1931,6,53
1932,19,23
1933,7,427
1934,18,378
1935,12,36
1936,10,123
1937,9,51
1938,7,199
1939,2,268
1940,14,415
1941,15,141
1942,12,429
1943,8,334
1944,7,283
1945,5,482
1946,1,211
1947,15,148
1948,6,409
1949,13,336
1950,2,24
1951,5,281
1952,19,1
1953,19,319
1954,5,176
1955,16,241
1956,15,288
1957,17,206
1958,18,12
1959,11,332
1960,2,262
1961,19,269
1962,17,278
1963,2,453
1964,17,415
1965,19,502
1966,2,509
1967,10,108
1968,5,385
1969,18,218
1970,4,427
1971,10,197
1972,17,187
1973,20,450
1974,3,306
1975,3,113
1976,8,391
1977,19,185
1978,13,252
1979,13,302
1980,8,59
1981,16,324
1982,11,378
1983,3,510
1984,12,138
1985,12,390
1986,1,283
1987,6,4
1988,2,67
1989,8,339
1990,1,464
1991,5,306
1992,1,251
1993,5,120
1994,8,312
1995,10,357
1996,11,233
1997,9,457
1998,13,400
1999,7,437
2000,11,282
2001,3,301
2002,3,245
2003,2,465
2004,16,115
2005,10,212
2006,7,63
2007,17,20
2008,4,425
2009,2,506
2010,15,190
2011,10,189
2012,18,55
2013,16,331
2014,7,111
2015,16,263
2016,4,403
2017,2,167
2018,3,253
2019,11,90
2020,17,133
2021,17,391
2022,3,198
2023,11,448
2024,7,78
2025,12,100
2026,17,93
2027,17,205
2028,13,131
2029,15,189
2030,6,187
2031,12,212
2032,14,268
2033,1,32
2034,17,509
2035,1,466
2036,4,353
2037,9,329
2038,13,269
2039,7,480
2040,17,369
2041,9,267
2042,19,206
2043,3,11
2044,17,218
2045,10,233
2046,13,126
2047,20,133
2048,9,248
2049,5,368
2050,12,494
2051,15,487
2052,9,353
2053,14,107
2054,18,475
2055,4,456
2056,2,162
2057,1,167
2058,12,67
2059,11,109
2060,20,234
2061,15,182
2062,17,224
2063,11,385
2064,9,303
2065,5,349
2066,20,39
2067,14,207
2068,3,439
2069,13,438
2070,14,511
2071,19,486
2072,14,129
2073,10,482
2074,13,106
2075,18,23
2076,15,275
2077,16,35
2078,9,401
2079,19,472
2080,10,326
2081,9,193
2082,10,122
2083,10,211
2084,12,103
2085,9,404
2086,20,382
2087,12,253
2088,9,177
2089,18,87
2090,1,495
2091,16,268
2092,11,399
2093,12,232
2094,2,236
2095,18,334
2096,16,74
2097,6,160
2098,18,85
2099,7,367
2100,19,478
2101,18,362
2102,17,497
2103,18,45
2104,15,154
2105,12,253
2106,13,116
2107,17,246
2108,6,438
2109,3,449
2110,20,478
2111,5,414
2112,6,462
2113,11,37
2114,11,218
2115,1,245
2116,16,290
2117,4,20
2118,16,296
2119,15,191
2120,8,3
2121,1,250
2122,12,6
2123,16,486
2124,1,91
2125,2,354
2126,2,123
2127,4,274
2128,11,348
2129,12,393
2130,6,233
2131,7,444
2132,7,413
2133,20,145
2134,17,253
2135,13,193
2136,20,147
2137,20,477
2138,15,269
2139,19,305
2140,5,65
2141,8,24
2142,20,84
2143,7,99
2144,20,308
2145,5,232
2146,18,51
2147,7,471
2148,12,380
2149,9,473
2150,10,361
2151,5,363
2152,7,284
2153,13,69
2154,18,429
2155,16,329
2156,8,431
2157,1,272
2158,3,390
2159,5,218
2160,6,371
2161,11,503
2162,12,57
2163,2,92
2164,11,438
2165,16,217
2166,12,459
2167,7,69
2168,9,460
2169,16,500
2170,16,432
2171,3,422
2172,8,26
2173,18,76
2174,18,386
2175,3,461
2176,17,134
2177,5,430
2178,15,78
2179,15,303
2180,4,155
2181,7,413
2182,2,112
2183,6,41
2184,10,48
2185,13,74
2186,9,476
2187,10,439
2188,7,233
2189,17,66
2190,15,143
2191,5,83
2192,13,512
2193,7,215
2194,4,397
2195,1,86
2196,7,13
2197,8,158
2198,9,341
2199,4,251
2200,18,27
2201,9,38
2202,2,460
2203,20,480
2204,11,86
2205,12,29
2206,11,261
2207,11,78
2208,6,202
2209,9,136
2210,2,465
2211,3,479
2212,16,71
2213,18,325
2214,20,281
2215,19,314
2216,17,87
2217,15,55
2218,15,319
2219,16,383
2220,18,356
2221,3,437
2222,4,327
2223,12,444
2224,16,422
2225,8,389
2226,6,154
2227,18,329
2228,3,72
2229,6,138
2230,5,312
2231,12,86
2232,3,68
2233,12,181
2234,19,479
2235,11,253
2236,2,503
2237,20,38
2238,10,368
2239,10,335
2240,15,276
2241,3,398
2242,11,253
2243,10,375
2244,8,205
2245,15,203
2246,20,116
2247,19,201
2248,17,318
2249,7,388
2250,3,139
2251,4,228
2252,13,507
2253,13,23
2254,4,445
2255,15,340
2256,16,397
2257,19,409
2258,14,379
2259,11,49
2260,19,242
2261,13,449
2262,14,123
2263,15,265
2264,17,234
2265,16,447
2266,18,271
2267,17,264
2268,1,178
2269,9,169
2270,3,181
2271,20,479
2272,13,279
2273,14,496
2274,3,228
2275,16,46
2276,12,352
2277,16,422
2278,10,463
2279,13,54
2280,4,345
2281,7,433
2282,5,350
2283,12,177
2284,5,270
2285,9,16
2286,10,5
2287,8,328
2288,15,311
2289,18,322
2290,5,298
2291,14,164
2292,7,287
2293,17,132
2294,1,218
2295,9,407
2296,3,1
2297,12,51
2298,11,324
2299,14,216
2300,1,50
2301,20,213
2302,18,278
2303,1,486
2304,15,56
2305,14,402
2306,4,298
2307,1,358
2308,17,252
2309,18,172
2310,7,327
2311,3,485
2312,12,151
2313,20,120
2314,13,404
2315,11,353
2316,4,257
2317,10,198
2318,14,101
2319,1,34
2320,3,209
2321,19,29
2322,9,126
2323,5,140
2324,16,140
2325,10,344
2326,11,145
2327,15,347
2328,20,190
2329,18,323
2330,10,456
2331,3,111
2332,4,469
2333,7,137
2334,11,137
2335,13,459
2336,17,287
2337,7,286
2338,8,56
2339,10,164
2340,17,456
2341,2,123
2342,14,203
2343,12,399
2344,12,404
2345,11,131
2346,3,295
2347,17,182
2348,12,321
2349,7,227
2350,4,510
2351,17,439
2352,7,3
2353,4,137
2354,8,420
2355,7,108
2356,1,67
2357,4,175
2358,7,164
2359,3,29
2360,2,16
2361,17,96
2362,15,90
2363,15,474
2364,12,247
2365,19,158
2366,6,163
2367,8,171
2368,2,460
2369,2,159
2370,2,507
2371,17,278
2372,14,250
2373,3,96
2374,6,424
2375,16,272
2376,12,330
2377,18,168
2378,19,132
2379,19,477
2380,20,454
2381,10,33
2382,8,503
2383,20,149
2384,3,328
2385,3,383
2386,9,24
2387,4,26
2388,9,445
2389,19,267
2390,5,432
2391,3,32
2392,20,396
2393,2,432
2394,11,205
2395,6,142
2396,20,429
2397,13,428
2398,15,265
2399,19,259
2400,5,39
2401,17,146
2402,17,287
2403,12,395
2404,11,311
2405,5,445
2406,1,152
2407,11,434
2408,12,327
2409,19,409
2410,14,362
2411,11,10
2412,4,274
2413,7,327
2414,11,297
2415,18,499
2416,7,444
2417,15,234
2418,20,291
2419,12,511
2420,10,134
2421,19,423
2422,13,300
2423,18,171
2424,3,226
2425,15,256
2426,8,290
2427,7,325
2428,11,10
2429,16,337
2430,15,80
2431,16,479
2432,15,277
2433,10,387
2434,7,198
2435,9,247
2436,20,377
2437,20,495
2438,2,72
2439,18,512
2440,16,92
2441,17,28
2442,10,67
2443,11,407
2444,3,188
2445,16,187
2446,15,69
2447,19,31
2448,19,368
2449,1,121
2450,9,210
2451,11,215
2452,3,93
2453,1,412
2454,7,316
2455,4,287
2456,5,465
2457,9,319
2458,8,33
2459,4,94
2460,12,484
2461,15,502
2462,5,371
2463,13,137
2464,17,8
2465,4,30
2466,20,199
2467,6,363
2468,5,110
2469,20,181
2470,1,100
2471,11,18
2472,12,464
2473,20,454
2474,1,509
2475,9,417
2476,4,105
2477,6,382
2478,6,133
2479,3,362
2480,16,61
2481,7,251
2482,4,368
2483,10,492
2484,16,472
2485,12,392
2486,15,249
2487,1,126
2488,15,150
2489,17,115
2490,1,117
2491,13,191
2492,4,274
2493,4,281
2494,12,436
2495,5,184
2496,19,275
2497,6,454
2498,2,100
2499,10,410
2500,10,92
2501,1,279
2502,15,289
2503,4,92
2504,1,278
2505,8,45
2506,6,102
2507,11,42
2508,8,339
2509,14,185
2510,19,208
2511,6,412
2512,12,276
2513,6,50
2514,13,390
2515,7,472
2516,10,390
2517,19,438
2518,9,311
2519,13,386
2520,6,227
2521,1,47
2522,1,71
2523,16,300
2524,16,51
2525,14,15
2526,10,266
2527,12,318
2528,6,381
2529,18,434
2530,2,390
2531,1,212
2532,19,389
2533,15,204
2534,10,328
2535,16,252
2536,14,505
2537,9,157
2538,17,262
2539,8,179
2540,16,77
2541,6,448
2542,14,362
2543,17,477
2544,1,469
2545,15,297
2546,13,80
2547,16,448
2548,11,403
2549,20,194
2550,18,469
2551,4,291
2552,20,334
2553,19,137
2554,15,341
2555,14,43
2556,20,493
2557,2,334
2558,2,271
2559,18,308
2560,13,210
2561,19,122
2562,17,124
2563,11,390
2564,13,262
2565,15,30
2566,16,194
2567,14,393
2568,6,341
2569,8,86
2570,14,122
2571,8,351
2572,13,66
2573,4,157
2574,3,27
2575,15,293
2576,2,414
2577,12,268
2578,18,185
2579,16,279
2580,17,488
2581,2,193
2582,20,392
2583,19,426
2584,15,324
2585,10,404
2586,7,401
2587,8,99
2588,13,177
2589,18,51
2590,20,100
2591,19,430
2592,15,118
2593,2,51
2594,17,45
2595,1,55
2596,6,60
2597,11,85
2598,19,414
2599,4,355
2600,19,70
2601,15,315
2602,17,79
2603,11,141
2604,17,315
2605,15,273
2606,14,217
2607,19,301
2608,2,414
2609,15,129
2610,6,213
2611,11,473
2612,18,207
2613,1,230
2614,9,31
2615,4,63
2616,14,380
2617,6,338
2618,14,57
2619,9,374
2620,14,255
2621,19,325
2622,4,161
2623,7,486
2624,6,439
2625,9,263
2626,12,218
2627,9,261
2628,4,168
2629,1,157
2630,1,417
2631,6,128
2632,20,476
2633,8,265
2634,18,347
2635,9,252
2636,6,476
2637,19,29
2638,15,247
2639,3,475
2640,15,104
2641,15,377
2642,12,480
2643,9,329
2644,16,21
2645,10,428
2646,16,340
2647,1,249
2648,5,235
2649,7,45
2650,18,370
2651,12,355
2652,18,36
2653,2,258
2654,15,188
2655,7,489
2656,13,98
2657,1,70
2658,17,340
2659,17,426
2660,18,76
2661,4,358
2662,1,76
2663,2,184
2664,13,333
2665,9,277
2666,17,152
2667,3,100
2668,19,366
2669,4,9
2670,19,202
2671,10,304
2672,17,453
2673,8,395
2674,12,177
2675,14,306
2676,14,173
2677,3,376
2678,9,20
2679,17,361
2680,8,51
2681,2,493
2682,12,98
2683,19,100
2684,19,385
2685,18,287
2686,19,502
2687,17,456
2688,17,467
2689,19,1
2690,8,186
2691,16,500
2692,20,149
2693,4,84
2694,3,362
2695,5,408
2696,14,165
2697,20,120
2698,19,126
2699,7,152
2700,12,91
2701,6,235
2702,4,471
2703,4,442
2704,6,264
2705,10,199
2706,14,185
2707,10,423
2708,8,211
2709,10,451
2710,4,73
2711,15,426
2712,8,410
2713,5,302
2714,13,458
2715,9,331
2716,16,77
2717,14,82
2718,6,322
2719,15,329
2720,4,135
2721,18,287
2722,1,175
2723,17,197
2724,6,437
2725,13,159
2726,7,24
2727,12,174
2728,8,508
2729,8,206
2730,15,225
2731,19,289
2732,17,310
2733,6,427
2734,16,381
2735,10,383
2736,15,480
2737,13,272
2738,2,384
2739,14,314
2740,14,173
2741,13,190
2742,5,294
2743,6,496
2744,7,376
2745,2,343
2746,4,293
2747,19,101
2748,18,468
2749,12,152
2750,3,308
2751,16,13
2752,15,49
2753,17,501
2754,12,25
2755,14,404
2756,8,142
2757,7,507
2758,1,81
2759,9,89
2760,13,298
2761,9,361
2762,16,325
2763,17,355
2764,14,55
2765,2,396
2766,6,31
2767,10,363
2768,17,423
2769,6,497
2770,12,151
2771,12,452
2772,12,365
2773,18,378
2774,20,497
2775,7,152
2776,10,299
2777,7,273
2778,13,59
2779,11,207
2780,11,62
2781,3,507
2782,14,104
2783,8,73
2784,11,76
2785,2,343
2786,6,90
2787,18,104
2788,6,271
2789,6,1
2790,14,247
2791,10,278
2792,11,498
2793,4,261
2794,4,447
2795,15,307
2796,4,323
2797,4,49
2798,2,205
2799,13,324
2800,18,315
2801,19,241
2802,13,29
2803,14,413
2804,11,248
2805,8,142
2806,6,330
2807,11,179
2808,2,142
2809,10,317
2810,16,321
2811,10,97
2812,16,462
2813,16,472
2814,3,112
2815,7,492
2816,3,297
2817,16,55
2818,13,263
2819,18,90
2820,13,279
2821,19,15
2822,8,94
2823,14,334
2824,8,190
2825,7,5
2826,18,76
2827,8,509
2828,9,109
2829,11,36
2830,12,369
2831,20,16
2832,16,330
2833,18,110
2834,11,433
2835,18,347
2836,13,2
2837,19,320
2838,17,254
2839,2,279
2840,14,483
2841,10,106
2842,9,371
2843,5,2
2844,6,165
2845,13,169
2846,18,312
2847,17,83
2848,6,394
2849,16,436
2850,7,41
2851,16,144
2852,19,473
2853,1,440
2854,1,345
2855,9,424
2856,6,457
2857,7,290
2858,2,172
2859,20,94
2860,3,248
2861,18,477
2862,16,378
2863,2,268
2864,2,298
2865,2,242
2866,16,497
2867,2,22
2868,20,182
2869,11,293
2870,7,70
2871,17,492
2872,6,76
2873,7,204
2874,4,44
2875,11,140
2876,7,264
2877,3,69
2878,3,250
2879,10,115
2880,6,172
2881,12,439
2882,11,243
2883,17,446
2884,18,448
2885,11,419
2886,20,193
2887,7,465
2888,12,215
2889,13,168
2890,5,188
2891,4,68
2892,16,216
2893,3,328
2894,10,259
2895,15,277
2896,8,38
2897,15,261
2898,19,116
2899,17,30
2900,3,468
2901,17,78
2902,3,158
2903,7,188
2904,14,188
2905,13,178
2906,5,131
2907,19,41
2908,9,31
2909,7,174
2910,10,158
2911,11,398
2912,6,223
2913,13,1
2914,9,253
2915,14,36
2916,9,204
2917,3,243
2918,5,384
2919,8,466
2920,2,358
2921,4,41
2922,9,338
2923,18,397
2924,18,185
2925,18,459
2926,11,127
2927,19,151
2928,6,342
2929,9,396
2930,12,67
2931,12,64
2932,17,89
2933,3,493
2934,5,259
2935,3,258
2936,6,360
2937,17,382
2938,1,356
2939,11,50
2940,3,310
2941,4,336
2942,4,174
2943,6,88
2944,7,151
2945,12,459
2946,1,512
2947,6,12
2948,20,379
2949,12,303
2950,20,287
2951,16,475
2952,9,353
2953,16,179
2954,16,408
2955,3,291
2956,4,123
2957,13,204
2958,13,231
2959,10,1
2960,12,494
2961,20,152
2962,19,211
2963,13,388
2964,20,410
2965,10,376
2966,9,457
2967,11,308
2968,6,444
2969,1,282
2970,10,42
2971,2,396
2972,17,389
2973,9,207
2974,7,187
2975,13,176
2976,19,507
2977,20,471
2978,3,14
2979,13,201
2980,19,40
2981,18,170
2982,17,203
2983,12,144
2984,15,79
2985,9,393
2986,20,226
2987,8,159
2988,10,60
2989,13,188
2990,2,95
2991,4,169
2992,11,18
2993,20,192
2994,4,388
2995,1,360
2996,4,494
2997,15,85
2998,3,220
2999,14,88
3000,3,203
3001,3,495
3002,6,444
3003,5,392
3004,15,110
3005,16,327
3006,17,327
3007,3,455
3008,7,255
3009,13,262
3010,7,80
3011,11,52
3012,18,235
3013,9,356
3014,16,229
3015,15,473
3016,1,267
3017,7,343
3018,3,270
3019,16,99
3020,9,468
3021,11,150
3022,1,356
3023,14,70
3024,5,38
3025,13,246
3026,11,406
3027,1,161
3028,3,460
3029,17,507
3030,16,145
3031,20,14
3032,3,66
3033,13,346
3034,16,37
3035,14,322
3036,10,64
3037,4,277
3038,13,51
3039,16,208
3040,20,497
3041,3,370
3042,5,61
3043,12,174
3044,14,3
3045,10,119
3046,17,264
3047,20,50
3048,16,500
3049,6,492
3050,4,349
3051,15,58
3052,11,219
3053,1,492
3054,14,117
3055,6,214
3056,8,164
3057,12,225
3058,1,166
3059,19,88
3060,2,368
3061,16,157
3062,6,238
3063,14,287
3064,8,476
3065,1,166
3066,8,177
3067,14,381
3068,16,381
3069,6,33
3070,11,425
3071,20,50
3072,5,137
3073,6,1
3074,6,344
3075,12,410
3076,9,176
3077,7,503
3078,5,151
3079,5,118
3080,7,412
3081,6,108
3082,3,458
3083,1,122
3084,9,297
3085,9,362
3086,17,62
3087,18,274
3088,3,110
3089,12,429
3090,16,425
3091,9,492
3092,14,251
3093,20,79
3094,3,372
3095,2,142
3096,1,339
3097,10,129
3098,10,131
3099,18,262
3100,3,151
3101,16,414
3102,15,386
3103,15,305
3104,13,389
3105,2,127
3106,4,358
3107,15,94
3108,5,157
3109,2,351
3110,19,451
3111,9,50
3112,10,2
3113,8,8
3114,8,233
3115,10,410
3116,4,478
3117,14,477
3118,10,68
3119,16,343
3120,1,413
3121,12,361
3122,10,103
3123,2,299
3124,9,277
3125,13,169
3126,13,362
3127,10,292
3128,2,213
3129,8,238
3130,6,437
3131,1,396
3132,17,55
3133,11,86
3134,9,310
3135,13,34
3136,10,177
3137,7,48
3138,9,301
3139,6,483
3140,20,445
3141,13,115
3142,10,284
3143,8,111
3144,1,62
3145,6,312
3146,4,64
3147,14,92
3148,15,221
3149,12,445
3150,9,11
3151,18,283
3152,12,215
3153,18,214
3154,10,369
3155,14,278
3156,13,22
3157,3,245
3158,14,169
3159,20,382
3160,7,497
3161,3,452
3162,8,240
3163,10,261
3164,12,510
3165,20,364
3166,2,69
3167,11,277
3168,3,385
3169,14,235
3170,4,429
3171,19,144
3172,4,175
3173,18,168
3174,12,405
3175,2,259
3176,20,181
3177,10,366
3178,1,289
3179,13,96
3180,2,210
3181,15,300
3182,3,199
3183,19,214
3184,12,289
3185,9,454
3186,20,162
3187,9,283
3188,1,416
3189,7,205
3190,9,227
3191,10,160
3192,16,272
3193,15,414
3194,13,389
3195,7,391
3196,3,453
3197,2,422
3198,20,286
3199,11,263
3200,13,32
3201,13,174
3202,9,472
3203,4,203
3204,4,418
3205,16,267
3206,16,277
3207,16,97
3208,15,463
3209,3,330
3210,17,3
3211,12,330
3212,13,440
3213,3,132
3214,2,385
3215,3,116
3216,7,48
3217,1,489
3218,20,21
3219,12,215
3220,9,197
3221,11,329
3222,10,369
3223,7,253
3224,1,356
3225,9,339
3226,16,9
3227,11,427
3228,2,357
3229,4,307
3230,17,142
3231,7,398
3232,6,257
3233,2,437
3234,16,208
3235,12,503
3236,4,439
3237,15,165
3238,18,377
3239,20,482
3240,18,292
3241,9,344
3242,2,96
3243,2,97
3244,20,470
3245,5,346
3246,4,451
3247,15,65
3248,18,318
3249,7,44
3250,6,416
3251,17,82
3252,13,172
3253,17,160
3254,9,412
3255,11,10
3256,6,345
3257,11,493
3258,4,369
3259,10,362
3260,9,246
3261,20,496
3262,11,426
3263,6,264
3264,11,247
3265,16,274
3266,17,160
3267,11,497
3268,16,225
3269,12,358
3270,19,39
3271,8,154
3272,14,307
3273,4,320
3274,6,270
3275,6,166
3276,11,322
3277,15,5
3278,8,198
3279,17,89
3280,6,88
3281,9,138
3282,18,210
3283,5,191
3284,13,433
3285,12,81
3286,3,360
3287,18,76
3288,12,397
3289,11,289
3290,15,170
3291,9,377
3292,1,399
3293,1,47
3294,16,54
3295,8,331
3296,9,450
3297,3,446
3298,5,375
3299,1,272
3300,9,76
3301,1,391
3302,17,20
3303,3,162
3304,9,403
3305,12,383
3306,4,279
3307,18,378
3308,10,488
3309,7,420
3310,2,277
3311,19,150
3312,1,55
3313,5,101
3314,13,360
3315,13,441
3316,14,262
3317,8,459
3318,10,222
3319,1,485
3320,6,60
3321,8,66
3322,12,180
3323,10,299
3324,16,142
3325,4,510
3326,11,402
3327,1,210
3328,3,293
3329,15,57
3330,10,353
3331,14,165
3332,17,315
3333,3,371
3334,18,79
3335,16,233
3336,1,419
3337,10,412
3338,12,281
3339,5,442
3340,18,8
3341,8,166
3342,18,192
3343,19,257
3344,1,140
3345,13,347
3346,13,76
3347,20,260
3348,6,216
3349,5,398
3350,16,470
3351,14,419
3352,11,311
3353,14,442
3354,15,318
3355,11,207
3356,7,343
3357,19,237
3358,8,38
3359,17,107
3360,20,119
3361,16,151
3362,2,131
3363,6,502
3364,18,110
3365,3,45
3366,8,269
3367,13,384
3368,13,451
3369,4,227
3370,6,282
3371,15,349
3372,5,315
3373,1,462
3374,4,2
3375,7,186
3376,9,215
3377,7,158
3378,20,269
3379,10,202
3380,11,241
3381,15,217
3382,19,66
3383,3,144
3384,5,85
3385,17,257
3386,12,447
3387,18,139
3388,19,408
3389,19,86
3390,8,330
3391,1,360
3392,18,179
3393,14,285
3394,16,469
3395,2,447
3396,10,2
3397,4,54
3398,17,304
3399,13,109
3400,9,254
3401,12,405
3402,10,232
3403,16,403
3404,17,499
3405,20,444
3406,12,105
3407,6,367
3408,1,439
3409,18,201
3410,13,475
3411,7,87
3412,16,475
3413,10,458
3414,5,250
3415,6,510
3416,3,102
3417,5,273
3418,8,272
3419,17,447
3420,11,10
3421,13,32
3422,1,432
3423,7,75
3424,12,274
3425,18,338
3426,12,93
3427,16,46
3428,3,468
3429,18,244
3430,16,87
3431,13,243
3432,5,323
3433,5,163
3434,5,240
3435,5,354
3436,13,386
3437,13,243
3438,15,134
3439,16,322
3440,9,190
3441,10,58
3442,12,512
3443,11,349
3444,1,128
3445,18,9
3446,9,260
3447,17,23
3448,13,164
3449,14,352
3450,5,393
3451,19,226
3452,11,437
3453,4,10
3454,5,81
3455,9,501
3456,11,21
3457,6,413
3458,10,233
3459,6,358
3460,8,102
3461,13,153
3462,17,355
3463,19,358
3464,5,21
3465,6,483
3466,13,410
3467,16,200
3468,9,150
3469,2,93
3470,7,22
3471,17,319
3472,17,196
3473,19,482
3474,9,220
3475,10,430
3476,14,80
3477,16,490
3478,19,352
3479,19,237
3480,20,166
3481,9,337
3482,5,410
3483,16,479
3484,19,434
3485,11,365
3486,10,470
3487,17,342
3488,13,284
3489,8,339
3490,14,74
3491,11,121
3492,1,61
3493,9,137
3494,8,389
3495,9,375
3496,5,446
3497,17,198
3498,16,291
3499,11,86
3500,1,67
3501,16,86
3502,18,168
3503,5,69
3504,14,183
3505,5,162
3506,16,352
3507,1,379
3508,7,480
3509,19,25
3510,11,338
3511,20,4
3512,2,213
3513,8,49
3514,7,227
3515,8,244
3516,3,364
3517,12,392
3518,18,132
3519,5,411
3520,7,121
3521,11,340
3522,4,13
3523,7,233
3524,6,456
3525,2,62
3526,17,455
3527,9,260
3528,2,257
3529,5,401
3530,9,505
3531,17,336
3532,5,382
3533,12,47
3534,19,207
3535,9,120
3536,10,238
3537,9,285
3538,5,4
3539,6,22
3540,8,16
3541,14,443
3542,14,302
3543,4,101
3544,5,348
3545,5,425
3546,14,469
3547,4,19
3548,15,357
3549,14,65
3550,16,163
3551,16,216
3552,10,511
3553,15,287
3554,12,438
3555,6,164
3556,4,447
3557,12,180
3558,13,280
3559,9,356
3560,14,332
3561,15,273
3562,4,401
3563,10,75
3564,10,294
3565,20,53
3566,5,455
3567,7,301
3568,15,255
3569,1,19
3570,9,328
3571,15,301
3572,5,427
3573,19,283
3574,6,414
3575,19,299
3576,15,411
3577,7,183
3578,16,452
3579,18,190
3580,20,120
3581,2,364
3582,12,364
3583,2,320
3584,5,24
3585,16,102
3586,3,127
3587,8,134
3588,5,9
3589,8,74
3590,14,211
3591,20,313
3592,7,365
3593,17,208
3594,1,457
3595,14,77
3596,6,129
3597,6,57
3598,19,414
3599,13,348
3600,7,13
3601,19,306
3602,14,170
3603,11,135
3604,15,394
3605,1,200
3606,1,371
3607,6,145
3608,18,23
3609,18,291
3610,4,394
3611,16,100
3612,8,410
3613,2,152
3614,2,114
3615,11,201
3616,3,343
3617,2,299
3618,11,393
3619,10,343
3620,7,282
3621,4,302
3622,10,462
3623,2,186
3624,16,194
3625,5,465
3626,16,188
3627,17,106
3628,19,67
3629,9,148
3630,18,487
3631,2,137
3632,8,414
3633,10,112
3634,14,34
3635,5,73
3636,5,310
3637,1,323
3638,10,491
3639,3,384
3640,1,244
3641,2,374
3642,7,155
3643,16,325
3644,5,29
3645,7,333
3646,18,398
3647,8,355
3648,6,136
3649,5,79
3650,2,160
3651,2,324
3652,20,474
3653,14,60
3654,20,483
3655,7,134
3656,17,236
3657,17,449
3658,17,285
3659,19,482
3660,19,15
3661,5,432
3662,19,220
3663,1,56
3664,17,233
3665,10,483
3666,4,29
3667,11,430
3668,14,13
3669,9,290
3670,20,379
3671,8,415
3672,20,222
3673,19,367
3674,7,162
3675,4,459
3676,18,116
3677,6,471
3678,16,326
3679,3,417
3680,13,325
3681,10,174
3682,19,369
3683,14,486
3684,18,4
3685,13,108
3686,4,503
3687,15,241
3688,2,2
3689,11,177
3690,1,279
3691,16,194
3692,8,119
3693,18,14
3694,18,266
3695,12,472
3696,18,175
3697,15,18
3698,8,501
3699,5,72
3700,16,225
3701,6,440
3702,17,286
3703,16,481
3704,11,131
3705,1,253
3706,2,413
3707,11,107
3708,7,371
3709,14,140
3710,5,443
3711,2,490
3712,13,263
3713,19,180
3714,10,324
3715,20,185
3716,20,267
3717,13,181
3718,6,137
3719,18,463
3720,19,323
3721,10,330
3722,6,417
3723,9,254
3724,13,386
3725,8,203
3726,20,384
3727,11,307
3728,20,392
3729,9,208
3730,18,240
3731,17,448
3732,14,31
3733,17,56
3734,12,27
3735,19,403
3736,2,128
3737,9,434
3738,14,116
3739,13,3
3740,8,20
3741,14,403
3742,8,19
3743,3,39
3744,4,186
3745,14,113
3746,7,312
3747,14,33
3748,10,379
3749,2,115
3750,6,188
3751,1,201
3752,9,74
3753,6,389
3754,14,92
3755,12,21
3756,2,430
3757,16,169
3758,16,118
3759,4,349
3760,17,184
3761,16,148
3762,6,437
3763,4,17
3764,20,107
3765,4,353
3766,14,80
3767,1,489
3768,6,473
3769,13,189
3770,1,24
3771,2,184
3772,17,440
3773,4,298
3774,16,98
3775,16,496
3776,19,207
3777,14,52
3778,3,254
3779,11,226
3780,20,221
3781,12,80
3782,16,479
3783,6,38
3784,18,190
3785,7,483
3786,8,492
3787,19,301
3788,16,367
3789,4,402
3790,17,118
3791,12,32
3792,7,384
3793,16,72
3794,16,76
3795,11,73
3796,7,457
3797,13,416
3798,5,257
3799,14,19
3800,1,231
3801,7,347
3802,14,280
3803,11,343
3804,18,233
3805,7,106
3806,7,21
3807,20,319
3808,19,461
3809,19,414
3810,8,18
3811,3,36
3812,11,23
3813,19,422
3814,4,378
3815,3,28
3816,20,134
3817,5,286
3818,15,213
3819,5,430
3820,5,311
3821,14,161
3822,1,11
3823,20,493
3824,8,242
3825,10,425
3826,9,148
3827,12,458
3828,5,315
3829,3,441
3830,14,27
3831,14,450
3832,5,204
3833,6,469
3834,13,449
3835,18,304
3836,20,159
3837,20,145
3838,16,222
3839,11,408
3840,11,358
3841,5,312
3842,3,372
3843,2,493
3844,1,81
3845,4,107
3846,15,469
3847,7,159
3848,13,125
3849,4,103
3850,5,209
3851,10,104
3852,10,500
3853,13,170
3854,11,487
3855,18,73
3856,10,68
3857,12,21
3858,3,319
3859,5,512
3860,20,232
3861,14,492
3862,2,7
3863,18,61
3864,13,357
3865,18,239
3866,10,180
3867,9,119
3868,9,1
3869,9,201
3870,15,27
3871,5,445
3872,18,7
3873,8,142
3874,9,489
3875,1,37
3876,20,86
3877,18,404
3878,8,264
3879,6,429
3880,11,416
3881,9,23
3882,14,177
3883,10,300
3884,4,20
3885,16,315
3886,20,401
3887,20,191
3888,20,417
3889,12,488
3890,4,335
3891,9,169
3892,18,184
3893,2,413
3894,20,493
3895,16,494
3896,1,446
3897,3,484
3898,9,4
3899,14,289
3900,19,164
3901,19,105
3902,8,196
3903,3,474
3904,10,236
3905,9,192
3906,5,173
3907,14,13
3908,11,119
3909,8,509
3910,10,129
3911,16,31
3912,1,196
3913,7,231
3914,4,176
3915,13,234
3916,14,265
3917,9,42
3918,6,141
3919,1,72
3920,18,377
3921,17,79
3922,15,13
3923,12,143
3924,17,380
3925,12,376
3926,8,130
3927,18,113
3928,17,260
3929,13,218
3930,18,206
3931,19,67
3932,5,341
3933,11,452
3934,16,470
3935,15,52
3936,2,179
3937,10,413
3938,7,179
3939,3,71
3940,17,238
3941,4,461
3942,3,271
3943,17,246
3944,19,203
3945,1,423
3946,20,339
3947,20,83
3948,12,328
3949,20,405
3950,14,9
3951,5,319
3952,16,92
3953,7,414
3954,20,388
3955,2,198
3956,12,145
3957,10,26
3958,6,340
3959,7,289
3960,13,501
3961,20,473
3962,2,341
3963,15,497
3964,7,341
3965,12,358
3966,1,313
3967,7,86
3968,15,108
3969,17,311
3970,3,96
3971,15,330
3972,20,191
3973,17,97
3974,2,366
3975,2,298
3976,5,335
3977,13,372
3978,3,194
3979,17,246
3980,18,207
3981,7,107
3982,1,260
3983,8,461
3984,6,321
3985,14,42
3986,3,382
3987,12,108
3988,19,508
3989,1,312
3990,10,144
3991,3,39
3992,13,215
3993,12,63
3994,7,411
3995,2,411
3996,5,32
3997,17,483
3998,1,303
3999,1,196
4000,19,302
4001,8,505
4002,5,448
4003,1,104
4004,7,285
4005,7,173
4006,11,339
4007,17,506
4008,16,475
4009,18,111
4010,12,161
4011,10,222
4012,12,39
4013,7,371
4014,6,252
4015,2,217
4016,9,99
4017,15,413
4018,8,252
4019,12,230
4020,10,275
4021,10,323
4022,12,337
4023,6,8
4024,18,487
4025,18,190
4026,19,126
4027,12,239
4028,11,426
4029,16,24
4030,3,59
4031,15,291
4032,15,43
4033,13,319
4034,9,327
4035,11,332
4036,3,330
4037,14,40
4038,7,241
4039,4,439
4040,14,411
4041,16,243
4042,18,108
4043,14,176
4044,14,483
4045,13,210
4046,20,278
4047,12,373
4048,7,140
4049,20,202
4050,15,50
4051,8,161
4052,5,414
4053,20,399
4054,16,106
4055,8,439
4056,18,77
4057,13,457
4058,1,336
4059,2,307
4060,17,295
4061,12,498
4062,15,401
4063,12,238
4064,16,316
4065,7,110
4066,11,264
4067,8,499
4068,2,249
4069,15,47
4070,16,265
4071,2,278
4072,13,399
4073,19,332
4074,3,83
4075,8,76
4076,16,167
4077,7,18
4078,5,459
4079,8,206
4080,18,237
4081,18,11
4082,9,255
4083,2,78
4084,5,376
4085,7,250
4086,7,427
4087,13,286
4088,3,396
4089,1,146
4090,17,499
4091,14,295
4092,15,76
4093,18,441
4094,5,504
4095,4,158
4096,1,506
4097,10,135
4098,12,110
4099,13,306
4100,9,310
4101,16,492
4102,20,369
4103,6,252
4104,8,316
4105,4,492
4106,2,144
4107,18,490
4108,11,426
4109,11,168
4110,4,272
4111,20,152
4112,12,363
4113,2,14
4114,16,492
4115,20,162
4116,12,177
4117,3,276
4118,11,435
4119,13,50
4120,11,377
4121,1,122
4122,15,370
4123,10,353
4124,18,272
4125,20,465
4126,17,317
4127,15,351
4128,13,335
4129,6,61
4130,19,123
4131,12,430
4132,9,449
4133,15,189
4134,17,35
4135,6,207
4136,2,483
4137,17,37
4138,7,326
4139,20,437
4140,9,435
4141,4,250
4142,2,257
4143,11,511
4144,11,375
4145,11,308
4146,2,418
4147,1,147
4148,20,51
4149,20,452
4150,10,54
4151,5,123
4152,8,170
4153,11,270
4154,11,285
4155,20,300
4156,5,495
4157,11,259
4158,15,23
4159,6,314
4160,18,389
4161,8,146
4162,3,128
4163,2,350
4164,13,246
4165,3,282
4166,1,192
4167,5,321
4168,1,44
4169,16,347
4170,7,217
4171,4,497
4172,8,164
4173,2,484
4174,17,269
4175,17,278
4176,18,348
4177,9,354
4178,14,229
4179,5,25
4180,4,228
4181,14,365
4182,3,201
4183,20,298
4184,1,362
4185,3,121
4186,18,35
4187,10,489
4188,4,173
4189,16,324
4190,15,151
4191,15,453
4192,11,223
4193,2,486
4194,18,343
4195,8,393
4196,12,43
4197,19,509
4198,19,162
4199,4,418
4200,4,96
4201,20,190
4202,20,202
4203,7,402
4204,11,372
4205,17,198
4206,2,415
4207,10,195
4208,5,21
4209,8,89
4210,12,277
4211,12,362
4212,15,325
4213,18,408
4214,10,44
4215,9,418
4216,11,299
4217,15,125
4218,6,429
4219,7,235
4220,6,409
4221,2,250
4222,6,270
4223,4,337
4224,1,163
4225,14,401
4226,19,284
4227,9,324
4228,16,151
4229,17,198
4230,3,354
4231,1,428
4232,12,279
4233,5,383
4234,16,272
4235,14,354
4236,2,186
4237,9,511
4238,10,74
4239,18,302
4240,5,413
4241,4,143
4242,12,285
4243,10,186
4244,15,411
4245,10,24
4246,3,21
4247,18,137
4248,16,120
4249,12,488
4250,5,375
4251,3,469
4252,9,335
4253,16,195
4254,6,377
4255,15,155
4256,18,182
4257,14,506
4258,10,366
4259,17,113
4260,12,179
4261,20,421
4262,9,485
4263,5,469
4264,7,108
4265,3,390
4266,17,499
4267,3,406
4268,9,423
4269,3,509
4270,19,113
4271,9,177
4272,8,451
4273,13,129
4274,18,248
4275,12,120
4276,12,139
4277,12,177
4278,10,377
4279,6,341
4280,9,361
4281,19,138
4282,1,236
4283,10,379
4284,17,249
4285,12,446
4286,13,365
4287,14,246
4288,11,421
4289,20,299
4290,20,33
4291,8,317
4292,5,27
4293,13,124
4294,1,485
4295,5,23
4296,15,432
4297,18,169
4298,13,103
4299,20,502
4300,8,400
4301,13,191
4302,19,116
4303,19,325
4304,8,380
4305,16,141
4306,10,423
4307,8,14
4308,4,64
4309,15,318
4310,11,344
4311,18,91
4312,3,147
4313,15,429
4314,20,192
4315,5,318
4316,12,276
4317,17,75
4318,6,128
4319,16,252
4320,17,320
4321,11,491
4322,7,127
4323,18,31
4324,1,497
4325,10,73
4326,12,507
4327,16,326
4328,6,411
4329,18,101
4330,11,230
4331,4,119
4332,8,490
4333,13,476
4334,5,345
4335,9,114
4336,3,179
4337,7,327
4338,1,425
4339,8,288
4340,20,12
4341,19,89
4342,15,9
4343,4,352
4344,16,126
4345,3,268
4346,1,266
4347,14,237
4348,11,177
4349,16,347
4350,5,307
4351,9,446
4352,10,423
4353,19,338
4354,4,255
4355,7,86
4356,9,448
4357,8,267
4358,12,43
4359,6,219
4360,6,254
4361,3,15
4362,7,204
4363,15,87
4364,3,211
4365,2,269
4366,13,248
4367,6,446
4368,15,162
4369,4,80
4370,14,508
4371,11,328
4372,1,141
4373,12,129
4374,12,256
4375,9,163
4376,2,404
4377,5,70
4378,12,480
4379,3,288
4380,15,312
4381,19,45
4382,10,93
4383,5,112
4384,16,222
4385,8,223
4386,20,385
4387,15,232
4388,14,225
4389,16,42
4390,3,238
4391,19,319
4392,6,507
4393,14,400
4394,5,47
4395,1,448
4396,11,13
4397,11,299
4398,15,163
4399,9,406
4400,7,158
4401,5,427
4402,16,401
4403,9,86
4404,17,77
4405,10,447
4406,8,286
4407,2,111
4408,16,150
4409,20,219
4410,10,111
4411,18,27
4412,7,170
4413,15,154
4414,9,281
4415,5,153
4416,18,225
4417,15,271
4418,2,8
4419,3,31
4420,15,88
4421,1,347
4422,8,189
4423,7,160
4424,10,431
4425,17,152
4426,5,58
4427,10,487
4428,14,138
4429,10,449
4430,8,84
4431,20,196
4432,7,364
4433,8,408
4434,17,332
4435,18,272
4436,10,228
4437,9,462
4438,2,373
4439,9,295
4440,10,397
4441,5,154
4442,5,153
4443,17,296
4444,2,101
4445,17,476
4446,11,296
4447,15,192
4448,12,51
4449,2,120
4450,14,501
4451,17,395
4452,4,314
4453,19,9
4454,3,26
4455,14,61
4456,10,106
4457,6,87
4458,16,10
4459,3,422
4460,14,100
4461,11,263
4462,2,83
4463,18,91
4464,15,276
4465,12,228
4466,12,120
4467,6,110
4468,19,158
4469,1,194
4470,6,153
4471,16,471
4472,16,317
4473,10,158
4474,14,266
4475,15,121
4476,18,101
4477,20,464
4478,10,486
4479,1,412
4480,2,245
4481,11,343
4482,12,449
4483,19,124
4484,9,400
4485,6,313
4486,16,27
4487,12,51
4488,18,98
4489,8,432
4490,16,6
4491,2,155
4492,14,358
4493,4,115
4494,7,358
4495,19,32
4496,19,307
4497,14,452
4498,1,458
4499,9,345
4500,8,153
4501,15,44
4502,4,103
4503,6,321
4504,11,280
4505,20,195
4506,10,474
4507,20,388
4508,6,261
4509,7,194
4510,4,427
4511,10,449
4512,9,116
4513,13,430
4514,16,310
4515,16,260
4516,14,440
4517,18,499
4518,15,375
4519,2,459
4520,10,225
4521,7,500
4522,3,442
4523,13,206
4524,6,16
4525,18,439
4526,17,374
4527,8,387
4528,7,460
4529,8,300
4530,20,212
4531,7,234
4532,17,362
4533,14,196
4534,20,80
4535,15,364
4536,5,433
4537,4,412
4538,8,416
4539,12,484
4540,14,325
4541,12,431
4542,4,445
4543,17,465
4544,7,319
4545,19,470
4546,14,45
4547,20,372
4548,11,72
4549,19,39
4550,4,12
4551,10,77
4552,19,510
4553,15,21
4554,12,48
4555,6,195
4556,3,276
4557,14,77
4558,10,188
4559,7,259
4560,8,158
4561,7,160
4562,10,1
4563,9,298
4564,2,66
4565,1,141
4566,6,36
4567,11,434
4568,4,427
4569,20,231
4570,4,275
4571,12,182
4572,7,396
4573,2,269
4574,13,181
4575,8,297
4576,2,441
4577,15,408
4578,10,454
4579,11,91
4580,8,113
4581,17,21
4582,19,237
4583,10,74
4584,15,200
4585,4,94
4586,11,209
4587,7,38
4588,7,346
4589,14,378
4590,13,367
4591,1,36
4592,1,243
4593,16,147
4594,5,277
4595,10,78
4596,20,138
4597,18,379
4598,7,347
4599,19,334
4600,10,303
4601,10,138
4602,10,288
4603,10,117
4604,15,230
4605,10,18
4606,13,366
4607,18,269
4608,20,297
4609,8,450
4610,17,35
4611,17,258
4612,6,225
4613,17,48
4614,9,236
4615,13,363
4616,12,510
4617,15,169
4618,20,181
4619,11,222
4620,7,134
4621,16,214
4622,10,486
4623,11,474
4624,1,501
4625,13,308
4626,11,32
4627,13,117
4628,9,12
4629,4,155
4630,2,225
4631,17,109
4632,1,480
4633,17,1
4634,2,389
4635,15,350
4636,8,206
4637,10,124
4638,11,106
4639,16,90
4640,11,334
4641,11,62
4642,6,162
4643,14,113
4644,15,291
4645,9,392
4646,5,418
4647,19,195
4648,13,320
4649,6,278
4650,19,136
4651,18,177
4652,8,504
4653,3,341
4654,5,332
4655,16,374
4656,14,383
4657,4,462
4658,2,253
4659,8,491
4660,15,402
4661,8,443
4662,18,354
4663,7,442
4664,16,328
4665,17,91
4666,8,494
4667,16,75
4668,4,361
4669,11,212
4670,8,451
4671,16,438
4672,2,116
4673,14,169
4674,4,155
4675,15,229
4676,9,392
4677,11,178
4678,6,253
4679,8,408
4680,18,194
4681,15,321
4682,4,220
4683,13,358
4684,5,77
4685,19,200
4686,11,195
4687,12,26
4688,3,367
4689,16,150
4690,8,331
4691,14,481
4692,9,7
4693,4,397
4694,13,16
4695,15,109
4696,19,463
4697,14,177
4698,8,398
4699,20,18
4700,13,78
4701,2,311
4702,2,401
4703,3,56
4704,5,2
4705,2,362
4706,13,146
4707,2,470
4708,7,387
4709,10,295
4710,10,329
4711,20,185
4712,11,379
4713,12,504
4714,8,265
4715,10,345
4716,2,357
4717,8,489
4718,10,275
4719,11,163
4720,8,378
4721,17,264
4722,16,233
4723,11,435
4724,3,32
4725,9,79
4726,6,499
4727,19,218
4728,2,43
4729,9,277
4730,3,312
4731,3,354
4732,6,453
4733,18,154
4734,3,214
4735,10,157
4736,16,400
4737,8,325
4738,20,509
4739,1,112
4740,13,142
4741,18,307
4742,8,442
4743,20,67
4744,20,478
4745,19,372
4746,5,135
4747,7,165
4748,19,225
4749,2,220
4750,8,210
4751,9,23
4752,10,383
4753,11,185
4754,14,236
4755,20,159
4756,1,119
4757,16,241
4758,17,429
4759,2,383
4760,9,341
4761,20,17
4762,3,508
4763,13,294
4764,3,139
4765,18,150
4766,17,231
4767,16,243
4768,4,118
4769,19,374
4770,13,373
4771,11,148
4772,19,397
4773,15,86
4774,4,374
4775,2,504
4776,5,262
4777,15,12
4778,9,197
4779,14,187
4780,4,300
4781,18,59
4782,11,273
4783,2,152
4784,11,88
4785,14,176
4786,6,290
4787,19,9
4788,3,49
4789,7,191
4790,10,459
4791,12,146
4792,17,249
4793,9,154
4794,10,65
4795,14,349
4796,12,22
4797,16,422
4798,14,346
4799,12,201
4800,11,483
4801,14,70
4802,17,373
4803,8,88
4804,9,177
4805,1,47
4806,19,289
4807,12,8
4808,15,109
4809,8,365
4810,7,390
4811,17,131
4812,5,245
4813,2,154
4814,13,132
4815,2,205
4816,12,299
4817,7,316
4818,9,3
4819,10,54
4820,13,34
4821,20,387
4822,6,396
4823,13,20
4824,16,106
4825,6,131
4826,11,349
4827,6,129
4828,14,339
4829,15,503
4830,5,109
4831,4,475
4832,3,365
4833,19,31
4834,6,403
4835,8,1
4836,3,471
4837,16,476
4838,7,232
4839,12,100
4840,13,27
4841,19,84
4842,7,444
4843,11,251
4844,10,314
4845,16,141
4846,9,301
4847,10,469
4848,18,321
4849,4,75
4850,17,306
4851,11,397
4852,11,109
4853,10,43
4854,19,45
4855,9,87
4856,12,20
4857,5,378
4858,6,436
4859,6,347
4860,3,495
4861,8,165
4862,18,497
4863,3,325
4864,10,35
4865,18,294
4866,14,61
4867,7,135
4868,2,368
4869,17,487
4870,6,265
4871,12,134
4872,18,349
4873,10,188
4874,13,225
4875,20,84
4876,16,453
4877,7,301
4878,7,137
4879,5,434
4880,8,85
4881,11,62
4882,12,116
4883,4,85
4884,2,165
4885,17,500
4886,7,175
4887,1,276
4888,8,366
4889,17,124
4890,19,334
4891,4,364
4892,9,18
4893,1,395
4894,5,183
4895,2,302
4896,2,31
4897,13,337
4898,7,240
4899,14,142
4900,12,478
4901,15,171
4902,6,224
4903,15,457
4904,8,498
4905,10,158
4906,1,212
4907,20,403
4908,17,48
4909,19,292
4910,19,54
4911,14,59
4912,10,358
4913,3,323
4914,12,301
4915,12,241
4916,1,117
4917,5,15
4918,12,42
4919,7,247
4920,8,366
4921,10,457
4922,18,244
4923,14,451
4924,10,168
4925,3,386
4926,10,120
4927,3,246
4928,6,157
4929,17,250
4930,3,245
4931,3,490
4932,11,347
4933,13,309
4934,9,110
4935,13,45
4936,6,449
4937,20,288
4938,7,46
4939,15,171
4940,11,360
4941,20,45
4942,6,290
4943,19,137
4944,4,14
4945,20,296
4946,7,89
4947,11,162
4948,15,191
4949,11,453
4950,8,144
4951,5,427
4952,4,379
4953,16,349
4954,11,459
4955,7,98
4956,8,32
4957,11,298
4958,9,64
4959,19,489
4960,6,134
4961,11,506
4962,5,152
4963,8,409
4964,2,87
4965,17,180
4966,10,106
4967,3,429
4968,16,269
4969,7,83
4970,7,293
4971,17,290
4972,13,431
4973,18,288
4974,10,307
4975,7,226
4976,18,79
4977,18,438
4978,16,262
4979,9,197
4980,18,315
4981,5,287
4982,6,506
4983,2,110
4984,20,220
4985,8,485
4986,15,364
4987,15,22
4988,14,432
4989,16,50
4990,19,345
4991,3,102
4992,2,395
4993,9,318
4994,13,233
4995,19,67
4996,17,95
4997,2,86
4998,1,196
4999,7,10
5000,14,291
